1. 3_3 ANN

              precision    recall  f1-score   support

           0       0.11      0.43      0.17        30
           1       0.17      0.03      0.06        30
           2       0.25      0.07      0.11        30
           3       0.03      0.03      0.03        30
           4       0.10      0.07      0.08        30
           5       0.12      0.07      0.09        30
           6       0.25      0.03      0.06        30
           7       0.00      0.00      0.00        30
           8       0.13      0.30      0.18        30
           9       0.17      0.10      0.12        30

    accuracy                           0.11       300
   macro avg       0.13      0.11      0.09       300
weighted avg       0.13      0.11      0.09       300

2. 3_3 ANN_PCA

              precision    recall  f1-score   support

           0       0.16      0.27      0.20        30
           1       0.18      0.13      0.15        30
           2       0.20      0.17      0.18        30
           3       0.14      0.10      0.12        30
           4       0.07      0.03      0.05        30
           5       0.09      0.17      0.12        30
           6       0.45      0.30      0.36        30
           7       0.09      0.13      0.11        30
           8       0.17      0.10      0.12        30
           9       0.03      0.03      0.03        30

    accuracy                           0.14       300
   macro avg       0.16      0.14      0.14       300
weighted avg       0.16      0.14      0.14       300

3. 3_3 ANN_LDA

              precision    recall  f1-score   support

           0       0.97      0.93      0.95        30
           1       0.39      0.30      0.34        30
           2       0.00      0.00      0.00        30
           3       0.52      0.53      0.52        30
           4       0.32      0.83      0.46        30
           5       0.10      0.07      0.08        30
           6       0.00      0.00      0.00        30
           7       0.25      0.17      0.20        30
           8       0.00      0.00      0.00        30
           9       0.29      0.13      0.18        30

    accuracy                           0.30       300
   macro avg       0.28      0.30      0.27       300
weighted avg       0.28      0.30      0.27       300

4. 4_2 ANN

              precision    recall  f1-score   support

           0       0.11      0.30      0.16        20
           1       0.00      0.00      0.00        20
           2       0.50      0.10      0.17        20
           3       0.18      0.45      0.26        20
           4       0.10      0.15      0.12        20
           5       0.07      0.10      0.09        20
           6       0.17      0.05      0.08        20
           7       0.14      0.05      0.07        20
           8       0.00      0.00      0.00        20
           9       0.09      0.05      0.06        20

    accuracy                           0.12       200
   macro avg       0.14      0.13      0.10       200
weighted avg       0.14      0.12      0.10       200

5. 4_2 ANN_PCA

              precision    recall  f1-score   support

           0       0.15      0.30      0.20        20
           1       0.05      0.05      0.05        20
           2       0.15      0.10      0.12        20
           3       0.00      0.00      0.00        20
           4       0.00      0.00      0.00        20
           5       0.00      0.00      0.00        20
           6       0.20      0.05      0.08        20
           7       0.11      0.10      0.11        20
           8       0.16      0.55      0.24        20
           9       0.14      0.20      0.17        20

    accuracy                           0.14       200
   macro avg       0.10      0.13      0.10       200
weighted avg       0.10      0.14      0.10       200

6. 4_2 ANN_LDA

              precision    recall  f1-score   support

           0       0.95      0.90      0.92        20
           1       0.00      0.00      0.00        20
           2       0.00      0.00      0.00        20
           3       0.14      0.15      0.15        20
           4       0.50      0.05      0.09        20
           5       0.00      0.00      0.00        20
           6       0.07      0.05      0.06        20
           7       0.00      0.00      0.00        20
           8       0.00      0.00      0.00        20
           9       0.00      0.00      0.00        20

    accuracy                           0.12       200
   macro avg       0.17      0.12      0.12       200
weighted avg       0.17      0.12      0.12       200

7. 5_1 ANN

              precision    recall  f1-score   support

           0       0.14      0.40      0.21        10
           1       0.00      0.00      0.00        10
           2       0.50      0.10      0.17        10
           3       0.08      0.10      0.09        10
           4       0.11      0.20      0.14        10
           5       0.00      0.00      0.00        10
           6       0.00      0.00      0.00        10
           7       0.00      0.00      0.00        10
           8       0.11      0.10      0.11        10
           9       0.08      0.20      0.11        10

    accuracy                           0.11       100
   macro avg       0.10      0.11      0.08       100
weighted avg       0.10      0.11      0.08       100

8. 5_1 ANN_PCA

              precision    recall  f1-score   support

           0       0.00      0.00      0.00        10
           1       0.07      0.20      0.10        10
           2       0.00      0.00      0.00        10
           3       0.00      0.00      0.00        10
           4       0.00      0.00      0.00        10
           5       0.00      0.00      0.00        10
           6       0.25      0.10      0.14        10
           7       0.07      0.20      0.10        10
           8       0.07      0.10      0.08        10
           9       0.00      0.00      0.00        10

    accuracy                           0.06       100
   macro avg       0.05      0.06      0.04       100
weighted avg       0.05      0.06      0.04       100

9. 5_1 ANN_LDA

              precision    recall  f1-score   support

           0       0.50      0.30      0.37        10
           1       0.42      0.50      0.45        10
           2       0.00      0.00      0.00        10
           3       0.00      0.00      0.00        10
           4       0.00      0.00      0.00        10
           5       0.00      0.00      0.00        10
           6       0.00      0.00      0.00        10
           7       0.15      0.30      0.20        10
           8       0.00      0.00      0.00        10
           9       0.00      0.00      0.00        10

    accuracy                           0.11       100
   macro avg       0.11      0.11      0.10       100
weighted avg       0.11      0.11      0.10       100